                                                                                                                                                                                                                                  !
                                                                               0.505  0.590  0.654  0.681  0.690  0.690  0.681  0.655  0.590  0.505                                                                               !
                                                                        0.598  0.784  0.899  0.987  1.001  1.011  1.011  1.001  0.987  0.899  0.784  0.598                                                                        !
                                                   0.492  0.590  0.713  0.862  0.945  1.056  1.155  1.187  1.070  1.070  1.188  1.155  1.056  0.946  0.862  0.713  0.590  0.492                                                   !
                                            0.569  0.766  0.853  0.905  0.979  1.071  1.119  1.216  1.218  1.160  1.161  1.218  1.216  1.128  1.072  0.980  0.906  0.853  0.766  0.569                                            !  
                                     0.638  0.845  0.983  1.015  0.750  0.794  1.141  1.208  0.951  0.979  1.272  1.272  0.979  0.951  1.208  1.142  0.794  0.751  1.015  0.983  0.845  0.638                                     !    
                              0.569  0.845  1.025  1.130  1.115  0.823  0.833  1.178  1.201  0.970  0.994  1.330  1.330  0.994  0.970  1.202  1.179  0.834  0.823  1.115  1.130  1.025  0.845  0.569                              !
                       0.492  0.766  0.983  1.130  1.124  1.159  1.173  1.180  1.077  1.111  1.236  1.304  1.320  1.320  1.304  1.236  1.111  1.077  1.180  1.173  1.159  1.124  1.130  0.983  0.766  0.492                       !
                       0.590  0.853  1.015  1.115  1.159  1.168  1.205  1.176  1.091  1.076  1.207  1.239  1.293  1.293  1.239  1.207  1.076  1.092  1.176  1.205  1.168  1.159  1.115  1.015  0.853  0.590                       !  
                       0.713  0.906  0.751  0.823  1.173  1.205  0.871  0.871  1.162  1.167  0.781  0.803  1.208  1.208  0.803  0.781  1.167  1.162  0.871  0.871  1.205  1.173  0.823  0.751  0.906  0.714                       ! 
                0.598  0.862  0.980  0.794  0.834  1.180  1.176  0.871  0.857  1.184  1.151  0.772  0.764  1.160  1.160  0.764  0.772  1.151  1.184  0.857  0.871  1.176  1.180  0.834  0.794  0.980  0.862  0.598                ! 
         0.505  0.784  0.946  1.072  1.142  1.179  1.077  1.092  1.162  1.184  1.121  1.123  1.127  1.124  1.020  1.020  1.124  1.127  1.123  1.121  1.184  1.162  1.092  1.077  1.179  1.142  1.072  0.946  0.784  0.505         !
         0.590  0.900  1.056  1.128  1.208  1.202  1.111  1.076  1.167  1.151  1.123  1.096  1.131  1.095  1.020  1.020  1.095  1.131  1.096  1.123  1.151  1.167  1.076  1.111  1.202  1.208  1.128  1.056  0.900  0.590         !
         0.655  0.987  1.155  1.216  0.951  0.970  1.236  1.207  0.781  0.772  1.127  1.131  0.738  0.736  1.079  1.079  0.736  0.738  1.131  1.127  0.772  0.781  1.207  1.236  0.970  0.951  1.216  1.155  0.987  0.655         !
         0.681  1.001  1.188  1.218  0.979  0.994  1.304  1.239  0.803  0.764  1.124  1.095  0.736  0.728  1.105  1.105  0.728  0.736  1.095  1.124  0.764  0.803  1.239  1.304  0.994  0.979  1.218  1.188  1.001  0.681         !
         0.690  1.011  1.070  1.161  1.272  1.330  1.320  1.294  1.208  1.160  1.020  1.020  1.079  1.105  1.057  1.057  1.105  1.079  1.020  1.020  1.160  1.208  1.294  1.320  1.330  1.272  1.161  1.070  1.011  0.690         !
         0.690  1.011  1.070  1.161  1.272  1.330  1.320  1.294  1.208  1.160  1.020  1.020  1.079  1.105  1.057  1.057  1.105  1.079  1.020  1.020  1.160  1.208  1.294  1.320  1.330  1.272  1.161  1.070  1.011  0.690         !
         0.681  1.001  1.188  1.218  0.979  0.994  1.304  1.239  0.804  0.764  1.124  1.095  0.736  0.728  1.105  1.105  0.728  0.736  1.095  1.124  0.764  0.803  1.239  1.304  0.994  0.979  1.218  1.188  1.001  0.681         ! 
         0.655  0.987  1.155  1.216  0.951  0.970  1.236  1.207  0.781  0.772  1.127  1.131  0.738  0.736  1.079  1.079  0.736  0.738  1.131  1.127  0.772  0.781  1.207  1.236  0.970  0.951  1.216  1.155  0.987  0.655         !
         0.590  0.900  1.056  1.128  1.208  1.202  1.111  1.076  1.167  1.151  1.123  1.096  1.131  1.095  1.020  1.020  1.095  1.131  1.096  1.123  1.151  1.167  1.076  1.111  1.202  1.208  1.128  1.056  0.900  0.590         ! 
         0.505  0.784  0.946  1.072  1.142  1.179  1.077  1.092  1.162  1.184  1.121  1.123  1.127  1.124  1.020  1.020  1.124  1.127  1.123  1.121  1.184  1.162  1.092  1.077  1.179  1.142  1.072  0.946  0.784  0.505         !
                0.598  0.862  0.980  0.794  0.834  1.180  1.176  0.871  0.857  1.184  1.151  0.772  0.764  1.160  1.160  0.764  0.772  1.151  1.184  0.857  0.871  1.176  1.180  0.834  0.794  0.980  0.862  0.598                ! 
                       0.714  0.906  0.751  0.823  1.173  1.205  0.871  0.871  1.162  1.167  0.781  0.803  1.208  1.208  0.803  0.781  1.167  1.162  0.871  0.871  1.205  1.173  0.823  0.751  0.906  0.714                       !
                       0.590  0.853  1.015  1.115  1.159  1.168  1.205  1.176  1.092  1.076  1.207  1.239  1.294  1.294  1.239  1.207  1.076  1.092  1.176  1.205  1.168  1.159  1.115  1.015  0.853  0.590                       !
                       0.492  0.766  0.983  1.130  1.124  1.159  1.173  1.180  1.077  1.111  1.236  1.304  1.320  1.320  1.304  1.236  1.111  1.077  1.180  1.173  1.159  1.124  1.130  0.983  0.766  0.492                       !
                              0.569  0.845  1.025  1.130  1.115  0.823  0.834  1.179  1.202  0.970  0.994  1.330  1.330  0.994  0.970  1.202  1.179  0.834  0.823  1.115  1.130  1.025  0.845  0.569                              !
                                     0.638  0.845  0.983  1.015  0.751  0.794  1.142  1.208  0.951  0.979  1.272  1.272  0.979  0.951  1.208  1.142  0.794  0.751  1.015  0.983  0.845  0.638                                     !  
                                            0.569  0.766  0.853  0.906  0.980  1.072  1.128  1.216  1.218  1.161  1.161  1.218  1.216  1.128  1.072  0.980  0.906  0.853  0.766  0.569                                            !
                                                   0.492  0.590  0.714  0.862  0.946  1.056  1.155  1.188  1.070  1.070  1.188  1.155  1.056  0.946  0.862  0.714  0.590  0.492                                                   !
                                                                        0.598  0.784  0.900  0.987  1.001  1.011  1.011  1.001  0.987  0.900  0.784  0.598                                                                        !
                                                                               0.505  0.590  0.655  0.681  0.690  0.690  0.681  0.655  0.590  0.505                                                                               !
                                                                                                                                                                                                                                  !
                                                                                                                                                                                                                                   !                                                                                                                                                                                                                                                                                                                      
